534
433
635
343
878
748
1167
1305
218
492
689
781
708
-363
1031
1185
314
479
349
209
123
891
329
622
691
385
745
635
148
1317
1121
-71
786
1230
65
791
45
227
688
276
587
707
759
353
221
-332
-257
247
80
-474
717
1157
976
364
270
677
815
604
146
797
1198
445
789
784
87
-419
-233
920
1374
1466
46
531
416
437
841
754
646
1173
547
146
587
395
390
-174
708
231
11
157
503
1110
790
1286
125
195
1161
652
453
1362
1136
1010
-647
611
392
71
313
103
651
191
885
1006
702
820
485
-134
-83
453
553
-61
-200
1339
568
782
1086
158
455
809
855
668
722
1185
580
-325
-386
440
-204
1075
-402
545
1062
244
656
354
559
566
-540
-81
350
606
449
-259
214
119
4
680
1053
1051
428
449
317
1272
1287
728
801
383
67
625
1799
836
397
709
1440
84
907
-87
-208
479
631
77
546
814
246
278
-155
796
366
-480
776
325
827
1526
704
600
587
94
876
825
-356
907
1310
1090
590
585
994
1327
1181
1481
1179
-672
279
1118
-14
660
983
1064
433
581
792
1272
-409
-72
462
-62
345
526
670
420
447
-129
-125
578
568
139
224
1105
-75
955
743
733
1260
822
406
531
-514
1317
581
253
1109
1075
144
114
459
364
-23
79
1225
1097
71
1509
273
1067
356
1376
-82
-210
935
368
638
793
-67
-476
-211
388
454
79
111
846
-495
586
836
545
388
0
552
-46
1119
344
776
695
667
859
-164
421
850
513
301
1622
776
1317
400
582
759
396
1045
127
397
256
-433
-110
1210
587
1328
1132
1061
679
779
-149
-127
936
575
272
-26
-96
492
98
-59
1086
1060
352
638
571
512
30
503
734
406
226
111
692
-70
331
1364
729
839
656
-447
-68
39
239
751
628
1027
103
947
148
192
819
889
912
372
776
213
254
927
238
1051
-122
837
318
512
1793
-64
-791
-74
260
1404
765
448
1465
919
-671
456
406
1347
547
118
602
620
96
461
973
569
-133
332
694
-173
1449
456
1004
379
224
477
329
132
519
-60
941
-377
502
-104
618
711
495
201
766
650
682
1348
1215
905
-172
968
317
179
928
971
54
628
1197
488
149
1243
1173
825
325
114
751
663
137
-99
884
373
1238
289
138
893
-550
1023
449
-36
404
287
812
494
1125
794
-31
1050
71
1433
118
919
388
231
-346
192
872
-146
710
608
476
1066
383
311
289
1383
722
143
-266
1262
623
677
437
1001
51
-43
-112
1153
1118
59
890
902
-499
770
741
253
388
86
690
93
313
723
478
-195
-190
111
741
252
-593
811
1048
1351
1174
259
1131
252
26
194
501
527
881
728
918
247
386
243
418
-494
854
1638
-741
604
492
9
104
443
650
-126
1094
377
1069
598
1001
-88
389
967
508
540
876
1150
403
668
682
339
390
-127
484
389
130
748
239
679
437
-114
465
-34
383
1152
724
540
871
1234
299
843
987
174
47
790
85
935
585
1047
614
539
1022
752
808
667
-602
204
393
-31
124
669
739
304
-64
322
1424
-181
761
1024
755
637
1132
1002
-387
-20
1423
-235
933
164
1056
677
330
151
305
855
871
902
619
-139
-26
517
817
1525
767
637
83
-406
1105
344
152
-298
151
-36
-47
73
444
374
211
634
789
691
1031
-74
1305
591
371
1861
639
683
-187
390
549
58
394
-293
297
470
480
-469
35
-172
228
404
464
211
-337
1320
643
810
890
289
179
1137
196
322
856
-323
814
676
678
-251
484
822
1117
-100
645
683
129
262
591
285
661
-163
1330
673
1592
173
-706
1127
467
1618
806
628
605
207
-22
324
702
771
1335
1048
834
970
-7
396
964
482
183
1082
786
-258
283
391
-429
1099
464
1025
1593
1107
1152
95
1709
676
170
501
540
223
551
736
-148
-106
672
205
974
143
307
643
650
99
91
140
827
508
613
755
649
-15
687
688
841
1140
510
2
466
-409
629
816
674
-13
-272
1282
368
-460
857
1428
329
921
712
803
432
403
316
448
164
1362
910
-297
-134
275
622
327
561
20
1033
-568
983
116
731
