800
999 513 394 55 58
925 529 154 837 550
496 353 783 860 112
659 44 597 373 648
247 705 550 369 74
402 895 43 90 985
967 586 715 692 430
739 577 758 778 507
156 997 466 709 789
462 633 408 522 626
20 891 9 34 778
931 788 123 171 148
174 797 88 612 184
43 421 466 674 895
784 778 470 426 51
617 911 278 395 58
515 341 694 295 72
949 500 540 101 129
89 203 964 738 615
762 538 448 730 723
35 276 494 599 290
171 580 996 453 355
722 642 613 27 611
463 805 481 393 426
254 765 953 823 95
178 405 779 313 766
634 801 719 395 67
406 221 455 984 260
337 380 536 89 444
280 959 1000 591 398
477 821 932 807 732
532 179 801 148 596
684 994 862 219 332
597 878 162 619 656
571 220 736 52 995
52 910 207 344 377
753 91 444 715 903
576 338 287 609 405
593 837 334 42 702
715 874 365 969 673
2 138 496 680 589
368 594 581 132 378
255 683 869 660 871
99 542 208 309 862
634 941 579 59 990
485 571 708 75 994
665 545 763 632 900
232 519 287 465 884
889 228 753 89 934
507 98 93 315 639
592 659 611 200 9
527 956 646 281 291
662 676 888 440 663
929 413 381 572 633
516 217 574 108 716
428 304 985 583 753
779 827 20 207 931
377 840 367 402 587
336 768 580 221 846
738 660 213 182 317
970 714 946 546 98
520 705 565 113 399
404 421 445 374 299
574 535 70 943 633
218 152 547 304 98
895 11 421 264 724
185 199 918 965 988
300 974 227 49 560
272 541 442 990 848
585 983 536 942 788
554 74 710 967 815
186 465 639 376 971
110 6 180 762 544
163 557 57 954 328
267 968 961 740 578
156 763 537 832 993
486 334 892 894 791
234 684 128 865 886
556 386 69 877 797
969 89 572 97 172
663 651 3 240 824
505 84 262 733 453
953 477 986 468 547
88 535 665 72 953
893 709 620 836 594
954 290 651 228 201
275 164 616 233 257
388 281 941 714 980
693 604 270 79 483
42 963 999 785 432
516 855 926 255 341
732 817 338 790 428
949 10 755 466 246
141 116 501 939 44
938 962 185 922 916
481 432 832 780 180
695 752 933 240 375
765 935 159 708 789
893 926 344 632 626
655 610 960 494 180
831 58 275 298 897
860 591 31 191 337
278 576 740 112 814
377 762 614 282 867
781 564 479 222 787
825 637 796 547 861
537 534 313 154 130
180 198 31 568 12
548 867 457 534 742
590 578 730 994 565
319 673 279 153 743
690 945 904 496 532
762 635 751 743 249
476 261 862 149 750
104 147 715 353 252
761 766 508 905 435
533 705 618 137 800
239 311 329 390 650
877 17 748 588 786
383 684 975 728 910
525 750 386 206 276
644 361 482 687 219
198 539 704 973 603
921 489 377 97 342
889 666 636 110 229
158 150 485 708 7
480 907 457 830 908
878 747 92 42 618
711 943 825 171 878
556 526 990 998 141
13 806 331 741 432
878 233 782 828 823
775 262 961 601 901
519 33 536 491 24
240 150 536 895 763
384 724 691 392 160
61 106 656 550 686
811 419 258 477 731
278 324 992 929 655
243 216 273 495 904
421 27 439 797 213
400 895 594 596 924
339 705 265 122 574
196 47 1000 737 369
638 14 19 757 818
865 706 894 234 809
323 292 686 836 216
129 231 153 697 297
984 255 785 711 429
256 50 801 85 567
230 845 407 860 699
289 458 640 88 545
992 80 788 427 836
452 686 652 434 967
218 973 379 80 3
985 691 402 823 240
625 168 41 348 531
50 887 79 795 995
38 9 130 572 81
33 759 784 808 828
852 804 67 542 342
865 494 410 446 770
974 514 434 778 687
628 249 955 220 831
36 242 164 106 195
286 31 57 931 87
746 939 390 864 601
483 819 563 273 273
52 405 53 242 268
672 158 224 818 261
766 935 354 861 999
395 256 109 157 548
293 311 681 677 88
120 41 999 527 379
432 218 690 1000 646
823 419 777 83 610
365 730 708 551 113
573 164 650 120 453
939 649 924 310 974
248 364 190 726 520
627 138 300 582 306
656 632 750 47 681
691 43 631 834 769
313 695 686 302 260
794 180 366 996 996
88 44 884 281 905
921 25 794 780 183
900 245 725 134 86
698 928 447 550 130
711 806 724 729 118
658 841 695 783 822
699 631 994 758 54
485 578 456 307 232
264 17 730 700 209
16 863 380 379 317
49 951 104 664 245
955 532 737 131 895
553 651 25 897 344
226 766 745 730 965
259 714 292 422 278
450 420 242 846 852
643 635 937 18 160
183 358 905 713 290
202 881 957 529 950
791 785 490 899 103
265 484 464 999 128
474 628 540 606 879
420 216 950 615 923
822 199 702 768 123
839 660 944 674 494
667 308 512 798 424
744 425 259 260 503
406 586 785 801 531
920 880 488 351 12
415 903 599 986 658
137 10 871 962 261
733 551 399 840 549
644 590 822 759 435
450 3 934 221 612
226 412 126 244 582
830 430 840 885 91
212 459 277 651 642
600 296 17 735 17
124 869 892 345 501
203 256 76 963 102
263 146 403 490 437
325 371 731 276 316
288 107 471 765 813
218 620 251 89 810
133 704 291 368 625
553 873 393 492 761
836 168 371 324 500
221 567 939 245 810
515 882 145 940 75
450 181 795 65 939
772 348 274 911 192
896 426 172 749 940
772 950 630 464 471
153 871 167 557 399
700 588 210 811 730
441 181 262 727 186
368 699 451 20 240
36 388 498 476 920
478 480 295 849 623
975 88 409 632 54
117 570 212 285 439
760 938 144 677 730
404 665 393 849 149
418 717 429 111 630
775 211 847 827 574
161 495 299 650 565
659 378 27 327 269
96 16 112 925 890
722 163 129 580 771
999 755 30 827 867
579 801 65 923 394
637 160 627 788 314
447 570 241 997 234
372 817 350 863 590
701 693 217 374 907
546 347 642 804 613
128 986 967 418 877
662 135 683 544 663
201 426 141 667 896
20 143 199 860 169
958 631 461 105 786
456 617 748 435 10
834 980 441 431 447
971 96 233 998 623
428 230 432 245 772
218 124 782 162 769
675 376 646 362 2
645 753 742 882 960
506 106 541 847 546
616 471 727 503 729
154 534 370 784 934
214 218 517 608 953
163 801 593 596 547
580 481 824 719 353
792 94 392 839 160
533 426 75 16 139
373 102 144 100 714
921 644 921 78 939
34 549 964 95 965
259 883 617 368 630
887 750 990 957 952
111 994 446 422 224
440 631 583 387 91
827 379 390 371 214
281 511 153 554 33
457 677 109 423 885
954 535 823 219 493
15 834 410 209 176
18 127 545 684 859
998 827 215 505 887
574 885 570 870 622
48 866 908 993 714
346 617 757 842 931
979 595 901 886 381
510 527 905 676 225
755 737 299 408 502
28 426 641 973 336
633 970 142 317 865
542 418 803 233 405
948 326 667 153 81
120 887 246 66 725
700 313 417 366 959
913 158 751 96 393
663 950 328 430 143
577 295 293 396 646
328 718 589 646 163
403 651 799 999 333
846 956 727 117 1
75 592 604 162 13
637 472 284 956 27
925 448 493 678 675
839 691 79 455 914
177 833 233 451 153
399 609 340 125 555
217 516 552 471 860
10 67 159 394 981
442 276 746 7 977
267 63 984 790 476
756 565 248 96 617
247 51 339 81 304
333 118 285 999 855
401 157 296 916 781
585 36 112 394 220
312 827 998 845 211
521 505 525 186 649
444 401 866 944 241
576 102 744 966 504
914 424 654 697 212
593 957 506 140 492
632 229 214 654 252
242 398 790 678 302
731 566 340 766 689
748 801 202 109 930
89 464 812 653 786
600 505 301 729 705
144 968 932 655 812
167 441 950 949 468
886 950 749 276 657
143 271 469 559 816
226 477 358 122 929
863 80 207 803 813
35 948 4 1 138
198 113 896 143 118
234 436 829 648 130
581 734 76 720 294
235 524 192 686 597
151 521 726 382 515
976 528 689 814 180
292 346 52 788 462
969 355 217 615 653
768 560 84 589 252
592 707 923 323 442
955 749 301 551 147
916 982 276 403 625
340 740 200 46 223
251 345 834 999 711
819 517 86 150 739
786 886 980 320 261
928 61 354 430 14
806 779 799 500 441
559 386 238 243 984
747 282 964 731 288
675 541 542 32 672
877 640 359 829 469
951 978 839 944 726
714 82 872 924 852
209 27 848 391 872
886 207 898 486 972
360 238 484 153 293
612 531 386 932 282
382 644 400 907 316
125 734 442 480 631
658 742 815 839 317
905 733 258 653 465
435 112 169 732 833
412 341 510 740 207
533 611 481 380 447
591 632 132 755 223
525 619 624 100 103
104 47 352 546 13
570 193 850 800 266
237 837 450 418 465
147 153 327 277 893
873 526 713 7 700
974 741 983 562 419
677 722 601 114 989
16 468 165 779 639
107 375 668 890 456
543 968 145 961 638
774 150 559 62 498
155 789 574 916 311
473 224 420 254 119
678 994 34 21 86
721 104 414 668 203
95 310 571 881 568
525 675 377 534 587
944 265 265 806 145
497 417 684 804 951
324 461 587 97 157
147 34 579 458 133
346 758 123 690 16
157 121 934 53 549
561 130 808 384 534
241 187 357 703 701
928 515 150 208 988
771 818 705 328 806
279 730 581 372 250
297 547 339 4 438
76 440 702 748 344
382 785 826 352 413
464 607 999 86 37
42 997 614 537 554
567 748 372 618 451
930 866 665 202 63
177 377 993 129 794
999 880 65 203 50
210 537 612 59 236
775 200 874 967 678
906 611 981 357 310
792 825 435 473 195
633 49 449 45 259
551 998 310 282 641
308 769 517 944 492
551 440 452 125 818
929 96 292 551 982
709 846 783 529 874
247 219 729 962 320
271 100 249 728 6
745 292 495 879 106
994 65 908 377 44
504 221 863 618 238
357 833 187 876 518
364 588 571 861 685
299 254 630 585 891
743 940 462 268 131
80 312 895 278 920
508 859 915 668 145
377 551 900 799 987
362 415 832 281 311
342 291 153 784 514
895 72 879 5 733
310 548 268 598 879
737 89 963 838 374
659 317 684 725 428
207 764 146 718 406
437 936 213 202 848
167 958 479 171 270
465 322 681 561 137
711 515 754 756 287
171 784 967 77 213
286 315 757 257 389
211 489 441 761 561
432 82 985 254 875
727 564 507 912 917
908 512 804 653 757
593 975 109 120 930
191 815 498 101 568
231 552 627 894 360
217 355 575 699 714
567 77 80 296 303
687 505 375 831 89
74 229 137 88 667
949 650 201 293 919
22 582 699 172 603
225 560 596 599 988
198 812 524 489 341
817 250 312 675 163
535 292 691 182 68
122 326 872 424 563
651 597 110 807 139
814 641 598 866 896
899 16 926 803 212
540 49 706 63 666
267 794 632 960 934
490 794 751 429 409
721 680 67 154 104
895 503 624 943 709
743 452 295 602 225
223 72 172 758 853
762 417 327 951 547
700 24 60 131 913
633 556 471 925 322
419 998 763 728 145
319 50 797 156 287
427 512 569 648 89
428 605 692 942 156
938 122 481 329 724
517 755 116 81 192
741 658 246 795 555
931 634 974 650 491
121 102 865 619 727
187 220 491 969 963
161 941 503 417 613
976 132 670 8 551
19 461 473 380 358
365 270 538 481 259
904 539 891 742 289
711 382 972 135 624
875 156 648 770 461
381 858 864 457 749
487 649 400 103 427
588 379 231 563 870
674 7 551 751 791
193 841 461 106 351
11 448 950 715 148
329 503 279 908 907
490 787 880 529 792
749 329 358 163 144
34 793 238 474 697
976 216 86 568 323
106 86 348 621 98
308 102 697 250 549
24 3 901 759 673
397 590 423 104 832
657 675 905 288 542
988 208 919 737 276
502 723 418 662 230
170 44 717 252 53
201 315 896 598 839
738 117 812 348 365
429 966 742 859 976
92 25 675 599 922
572 632 151 975 718
975 776 157 947 659
674 124 173 249 931
380 911 414 58 892
121 527 371 43 111
242 213 543 45 771
340 115 956 333 55
930 173 215 881 413
241 895 85 247 387
582 236 804 337 629
305 487 739 767 378
647 917 171 623 752
543 839 559 836 97
819 982 754 805 638
366 833 533 858 147
775 248 345 255 403
22 399 312 424 417
53 504 130 561 111
604 892 610 880 898
705 362 19 477 697
350 647 311 330 575
133 459 569 761 437
223 232 270 583 365
27 949 508 84 443
779 820 168 185 268
470 276 305 811 351
678 169 999 606 405
763 240 433 212 656
735 902 278 459 940
94 897 487 91 630
517 862 997 529 915
347 551 848 570 715
570 450 782 23 346
570 494 504 975 590
222 899 425 618 811
490 174 996 247 541
991 240 270 316 921
666 313 308 317 475
534 669 797 759 529
132 891 744 362 14
605 536 378 263 504
410 337 804 330 618
673 676 373 240 42
219 742 878 798 101
609 363 910 33 301
638 842 423 291 211
657 422 422 981 355
762 99 376 654 821
241 280 879 368 751
907 684 487 304 175
828 739 148 532 791
232 983 263 485 417
881 637 101 209 904
795 723 3 766 140
989 15 394 782 116
79 324 87 503 952
44 204 715 863 532
259 904 111 80 211
517 215 686 914 270
941 746 220 347 672
152 31 428 25 780
438 350 708 126 238
768 365 215 663 166
283 90 175 406 248
794 31 537 851 526
662 679 173 24 272
387 722 634 224 175
579 97 464 210 277
186 909 600 470 974
922 732 802 941 860
1000 600 547 979 734
225 435 945 602 806
205 694 132 68 19
787 462 238 792 249
855 671 735 517 348
963 589 457 941 438
299 980 577 757 444
412 928 936 627 491
637 63 313 23 880
450 12 966 459 304
74 954 732 737 1000
503 245 186 253 707
146 802 673 615 664
385 438 588 212 742
867 681 354 600 198
717 530 41 397 74
294 445 957 240 149
976 223 51 18 776
790 924 215 967 793
799 625 124 296 307
368 787 165 86 76
408 622 246 935 117
388 366 502 585 234
78 496 170 270 987
480 234 754 358 464
145 512 788 417 415
787 625 319 720 482
998 983 749 908 408
828 962 965 983 476
867 86 699 689 350
909 303 662 705 261
855 56 480 97 672
563 823 872 555 704
424 400 713 66 661
251 84 485 900 297
264 268 681 626 771
260 674 736 604 657
401 692 717 831 873
313 53 681 116 278
888 793 527 287 923
219 362 90 818 450
756 333 664 294 704
106 939 720 643 818
906 543 493 140 331
9 942 298 998 215
136 890 267 733 771
460 585 103 832 152
679 110 299 119 379
492 557 441 824 520
752 821 255 176 416
443 257 974 162 311
878 939 653 940 806
462 778 20 666 361
478 235 141 977 831
977 323 611 78 750
21 323 570 560 634
955 402 920 997 677
683 305 252 32 262
519 226 737 464 227
737 154 674 358 499
169 248 760 429 829
666 103 738 926 938
169 503 626 989 288
403 57 452 717 747
907 398 879 599 900
130 424 256 100 646
1000 610 752 818 453
931 606 528 56 949
296 135 886 426 865
587 322 176 130 209
840 30 707 33 390
353 843 663 729 666
223 714 28 198 433
768 42 815 908 381
237 611 512 399 406
660 449 973 554 514
713 213 164 993 880
142 281 873 894 24
627 1 446 466 280
894 363 510 458 302
144 328 622 686 664
592 597 473 605 929
319 506 357 679 233
103 586 41 327 206
673 555 44 995 716
726 424 635 243 955
663 742 350 56 293
904 931 510 54 204
511 472 166 807 219
874 177 673 199 332
216 442 474 873 684
579 643 892 418 253
133 267 412 974 757
858 252 706 318 840
633 535 95 112 688
92 113 331 192 578
567 942 871 334 520
436 565 939 383 910
789 980 967 739 252
313 681 208 787 127
924 941 293 734 499
71 150 750 254 249
572 4 418 541 775
20 624 443 630 363
451 140 939 348 115
400 849 424 963 759
575 721 370 696 23
109 913 894 926 339
666 726 697 454 162
76 174 400 593 370
284 577 517 839 930
520 484 219 291 302
136 765 407 4 245
731 881 301 104 917
578 966 901 435 523
64 254 576 820 362
973 859 720 978 784
247 834 565 255 341
51 684 407 468 810
816 782 919 452 413
465 967 592 408 101
877 682 909 473 511
531 696 147 56 619
205 681 350 869 960
981 271 390 781 766
877 224 650 496 957
346 356 175 973 352
774 258 987 875 923
924 195 262 863 846
884 996 595 920 212
800 902 733 125 732
576 505 791 704 7
811 974 484 992 11
759 360 575 958 328
706 896 905 681 548
621 348 394 557 662
85 889 723 848 546
490 670 746 33 2
302 750 138 536 620
694 411 315 809 668
104 530 311 716 19
185 509 123 383 412
734 462 59 214 82
95 617 372 186 323
885 217 383 819 547
806 783 154 80 916
778 775 32 62 590
26 602 296 552 761
439 520 558 717 964
582 367 707 128 428
612 104 979 896 480
543 387 577 376 15
514 612 158 335 251
870 510 621 237 720
847 427 729 550 818
962 17 570 144 995
243 679 478 955 138
248 720 150 348 529
265 329 368 287 112
441 676 162 363 415
673 676 78 971 147
251 142 714 441 178
676 829 117 55 991
193 198 122 502 874
925 831 733 80 102
334 520 306 861 111
76 426 228 249 468
894 65 360 123 271
67 530 631 57 441
683 120 710 226 705
257 672 889 278 425
200 635 592 641 300
802 214 444 989 184
315 703 627 144 856
114 96 856 895 668
235 886 879 785 279
936 331 387 575 668
659 53 616 964 988
928 785 942 662 217
121 700 446 814 142
902 423 65 546 471
989 295 314 695 63
830 782 770 529 839
236 803 17 237 66
446 686 160 522 535
688 373 205 126 804
880 218 522 450 49
527 659 539 187 498
817 101 93 428 29
828 949 422 944 669
547 786 564 727 452
768 283 933 942 672
733 565 31 79 873
4 220 391 866 29
751 111 681 559 749
373 108 593 278 642
351 413 858 543 164
836 351 104 115 381
696 884 751 863 211
349 5 585 927 800
656 777 223 543 23
489 303 905 599 291
163 855 415 772 274
